0 67 25 66 78 84 89 39 92 35 77 89 68 76 97 54 46 94 65 76
67 0 4 32 10 100 84 94 7 52 78 13 43 49 7 57 11 3 31 12
25 4 0 41 80 83 13 66 100 46 69 26 96 52 47 21 60 80 11 70
66 32 41 0 19 34 81 50 9 69 19 88 2 62 72 42 24 70 82 34
78 10 80 19 0 47 85 42 70 76 2 29 55 55 16 52 17 12 84 50
84 100 83 34 47 0 69 100 17 47 87 101 95 58 72 34 17 15 20 35
89 84 13 81 85 69 0 99 88 101 50 91 74 41 99 64 30 96 47 73
39 94 66 50 42 100 99 0 84 47 48 63 62 86 87 44 78 8 55 14
92 7 100 9 70 17 88 84 0 51 81 59 55 19 22 51 79 74 7 60
35 52 46 69 76 47 101 47 51 0 29 29 74 24 95 29 63 52 64 26
77 78 69 19 2 87 50 48 81 29 0 37 78 73 66 13 84 48 23 38
89 13 26 88 29 101 91 63 59 29 37 0 56 77 71 24 58 36 78 89
68 43 96 2 55 95 74 62 55 74 78 56 0 91 76 82 50 36 88 71
76 49 52 62 55 58 41 86 19 24 73 77 91 0 48 67 65 72 82 78
97 7 47 72 16 72 99 87 22 95 66 71 76 48 0 19 11 58 82 5
54 57 21 42 52 34 64 44 51 29 13 24 82 67 19 0 26 11 67 60
46 11 60 24 17 17 30 78 79 63 84 58 50 65 11 26 0 88 25 50
94 3 80 70 12 15 96 8 74 52 48 36 36 72 58 11 88 0 9 29
65 31 11 82 84 20 47 55 7 64 23 78 88 82 82 67 25 9 0 32
76 12 70 34 50 35 73 14 60 26 38 89 71 78 5 60 50 29 32 0
