0 37 7 51 15 6 16 86 72 35 60 4 46 69 15 90 75 84 53 92
37 0 18 35 57 31 71 95 32 87 11 68 35 60 10 37 39 72 64 1
7 18 0 91 5 31 92 8 57 15 71 8 89 85 49 68 62 53 91 101
51 35 91 0 101 22 68 70 77 77 50 86 17 67 63 59 29 22 76 84
15 57 5 101 0 40 25 66 25 26 34 89 9 13 62 85 37 78 98 83
6 31 31 22 40 0 4 2 31 16 74 43 84 98 68 30 100 14 1 95
16 71 92 68 25 4 0 99 88 81 19 15 5 45 53 37 39 71 67 83
86 95 8 70 66 2 99 0 83 81 57 71 40 43 86 35 37 68 29 33
72 32 57 77 25 31 88 83 0 6 67 41 40 19 60 27 76 9 61 60
35 87 15 77 26 16 81 81 6 0 62 46 5 54 17 2 96 4 11 81
60 11 71 50 34 74 19 57 67 62 0 9 91 40 83 99 40 90 87 9
4 68 8 86 89 43 15 71 41 46 9 0 38 61 28 25 35 101 14 94
46 35 89 17 9 84 5 40 40 5 91 38 0 71 90 72 56 43 33 5
69 60 85 67 13 98 45 43 19 54 40 61 71 0 43 86 70 26 56 49
15 10 49 63 62 68 53 86 60 17 83 28 90 43 0 36 24 98 94 63
90 37 68 59 85 30 37 35 27 2 99 25 72 86 36 0 54 75 61 85
75 39 62 29 37 100 39 37 76 96 40 35 56 70 24 54 0 44 14 92
84 72 53 22 78 14 71 68 9 4 90 101 43 26 98 75 44 0 58 47
53 64 91 76 98 1 67 29 61 11 87 14 33 56 94 61 14 58 0 7
92 1 101 84 83 95 83 33 60 81 9 94 5 49 63 85 92 47 7 0
