0 60 35 67 52 40 37 26 4 54 33 6 38 70 72 93 32 51 83 73
60 0 82 47 55 42 76 88 20 3 96 95 18 56 46 1 60 14 49 45
35 82 0 29 83 1 31 94 99 100 31 72 92 28 89 45 93 64 71 39
67 47 29 0 92 25 20 55 13 31 71 13 97 21 98 85 15 17 64 18
52 55 83 92 0 37 23 5 47 65 79 47 99 23 2 13 98 19 75 25
40 42 1 25 37 0 1 84 82 20 81 76 44 54 36 19 42 92 59 8
37 76 31 20 23 1 0 36 11 26 55 83 14 69 38 32 57 7 31 40
26 88 94 55 5 84 36 0 35 42 77 64 97 75 16 68 97 100 40 96
4 20 99 13 47 82 11 35 0 86 59 96 31 44 17 89 43 26 84 33
54 3 100 31 65 20 26 42 86 0 83 14 80 76 79 33 1 30 63 10
33 96 31 71 79 81 55 77 59 83 0 75 28 92 33 88 83 21 19 91
6 95 72 13 47 76 83 64 96 14 75 0 5 67 28 34 98 25 3 75
38 18 92 97 99 44 14 97 31 80 28 5 0 51 79 71 83 12 100 60
70 56 28 21 23 54 69 75 44 76 92 67 51 0 13 25 67 41 63 35
72 46 89 98 2 36 38 16 17 79 33 28 79 13 0 36 26 25 51 57
93 1 45 85 13 19 32 68 89 33 88 34 71 25 36 0 46 50 77 80
32 60 93 15 98 42 57 97 43 1 83 98 83 67 26 46 0 32 58 25
51 14 64 17 19 92 7 100 26 30 21 25 12 41 25 50 32 0 12 83
83 49 71 64 75 59 31 40 84 63 19 3 100 63 51 77 58 12 0 19
73 45 39 18 25 8 40 96 33 10 91 75 60 35 57 80 25 83 19 0
