0 11 24 18 49 59 100 51 26 64 51 40 27 18 50 75 75 91 101 26
11 0 32 34 14 12 6 90 6 59 43 72 88 7 94 5 85 41 20 64
24 32 0 10 101 70 99 95 53 21 32 16 79 84 91 81 85 3 83 31
18 34 10 0 91 74 62 80 99 6 83 101 77 7 11 26 92 48 26 43
49 14 101 91 0 54 54 48 13 52 19 26 35 92 91 71 47 81 97 22
59 12 70 74 54 0 97 26 50 64 15 46 34 18 3 60 28 6 88 45
100 6 99 62 54 97 0 19 60 69 28 40 93 86 88 82 66 16 8 6
51 90 95 80 48 26 19 0 3 9 9 77 98 73 27 91 7 45 17 7
26 6 53 99 13 50 60 3 0 41 51 51 75 14 70 61 5 87 61 73
64 59 21 6 52 64 69 9 41 0 34 42 27 62 49 54 57 1 43 35
51 43 32 83 19 15 28 9 51 34 0 49 34 68 58 48 43 83 75 34
40 72 16 101 26 46 40 77 51 42 49 0 80 28 59 13 7 61 5 20
27 88 79 77 35 34 93 98 75 27 34 80 0 91 87 63 98 63 26 25
18 7 84 7 92 18 86 73 14 62 68 28 91 0 42 53 99 51 96 13
50 94 91 11 91 3 88 27 70 49 58 59 87 42 0 4 17 22 24 52
75 5 81 26 71 60 82 91 61 54 48 13 63 53 4 0 68 84 14 37
75 85 85 92 47 28 66 7 5 57 43 7 98 99 17 68 0 7 89 100
91 41 3 48 81 6 16 45 87 1 83 61 63 51 22 84 7 0 14 95
101 20 83 26 97 88 8 17 61 43 75 5 26 96 24 14 89 14 0 90
26 64 31 43 22 45 6 7 73 35 34 20 25 13 52 37 100 95 90 0
