0 59 62 21 5 68 27 76 30 62 51 98 59
59 0 101 1 86 12 25 65 52 18 101 58 35
62 101 0 82 67 5 15 5 76 40 75 23 5
21 1 82 0 18 12 51 82 60 23 100 18 87
5 86 67 18 0 26 53 24 51 70 94 86 83
68 12 5 12 26 0 99 97 11 89 54 96 7
27 25 15 51 53 99 0 60 88 27 93 62 82
76 65 5 82 24 97 60 0 52 72 63 97 56
30 52 76 60 51 11 88 52 0 64 15 28 9
62 18 40 23 70 89 27 72 64 0 78 32 51
51 101 75 100 94 54 93 63 15 78 0 62 36
98 58 23 18 86 96 62 97 28 32 62 0 18
59 35 5 87 83 7 82 56 9 51 36 18 0
