0 7 58 100 73 37 65 80 23 41 20 82 51
7 0 77 82 49 54 74 10 80 62 47 17 64
58 77 0 46 11 26 55 78 57 17 94 56 72
100 82 46 0 14 39 97 89 57 20 69 11 44
73 49 11 14 0 25 71 70 3 37 20 37 57
37 54 26 39 25 0 70 95 85 3 14 71 80
65 74 55 97 71 70 0 19 81 30 50 65 21
80 10 78 89 70 95 19 0 31 88 97 28 77
23 80 57 57 3 85 81 31 0 62 62 70 30
41 62 17 20 37 3 30 88 62 0 78 97 93
20 47 94 69 20 14 50 97 62 78 0 48 74
82 17 56 11 37 71 65 28 70 97 48 0 51
51 64 72 44 57 80 21 77 30 93 74 51 0
