0 98 13 30 52 10 26 38 36 41 29 5 58
98 0 28 49 82 8 68 35 89 61 69 20 96
13 28 0 32 9 15 58 70 39 2 96 39 54
30 49 32 0 88 18 93 50 26 2 6 6 8
52 82 9 88 0 1 33 72 11 45 54 100 90
10 8 15 18 1 0 37 72 26 10 47 16 5
26 68 58 93 33 37 0 51 18 70 46 17 17
38 35 70 50 72 72 51 0 60 22 85 18 48
36 89 39 26 11 26 18 60 0 43 23 45 9
41 61 2 2 45 10 70 22 43 0 63 58 51
29 69 96 6 54 47 46 85 23 63 0 91 57
5 20 39 6 100 16 17 18 45 58 91 0 96
58 96 54 8 90 5 17 48 9 51 57 96 0
