0 31 90 77 68 100 52 2 99 74 38 51 61
31 0 41 23 52 27 37 55 97 25 19 88 20
90 41 0 14 41 76 70 90 99 45 35 84 40
77 23 14 0 53 87 94 83 25 100 58 28 22
68 52 41 53 0 58 30 66 82 35 87 74 34
100 27 76 87 58 0 34 10 35 2 2 69 83
52 37 70 94 30 34 0 97 85 55 73 44 91
2 55 90 83 66 10 97 0 67 63 27 27 53
99 97 99 25 82 35 85 67 0 41 49 99 60
74 25 45 100 35 2 55 63 41 0 24 63 65
38 19 35 58 87 2 73 27 49 24 0 96 13
51 88 84 28 74 69 44 27 99 63 96 0 33
61 20 40 22 34 83 91 53 60 65 13 33 0
