0 3 30 8 93 69 71 27 52 65 34 41 8
3 0 15 15 28 3 8 50 48 31 81 94 44
30 15 0 97 50 59 39 83 83 76 37 72 29
8 15 97 0 19 62 68 75 37 7 99 19 50
93 28 50 19 0 41 63 85 49 13 12 9 93
69 3 59 62 41 0 86 51 26 72 91 73 91
71 8 39 68 63 86 0 41 60 86 53 34 15
27 50 83 75 85 51 41 0 74 97 50 62 97
52 48 83 37 49 26 60 74 0 85 17 94 71
65 31 76 7 13 72 86 97 85 0 22 41 89
34 81 37 99 12 91 53 50 17 22 0 56 94
41 94 72 19 9 73 34 62 94 41 56 0 77
8 44 29 50 93 91 15 97 71 89 94 77 0
