0 73 19 92 71 63 100 1 48 8 51 22 25 60 89 53 92
73 0 90 19 30 47 42 68 46 91 20 61 59 78 73 101 91
19 90 0 15 71 35 94 82 93 52 46 48 99 25 45 10 94
92 19 15 0 5 87 96 72 88 84 56 44 71 12 23 11 12
71 30 71 5 0 18 15 88 49 80 21 91 54 80 7 83 24
63 47 35 87 18 0 47 87 69 85 39 32 42 17 79 11 93
100 42 94 96 15 47 0 83 29 39 47 76 55 5 2 68 26
1 68 82 72 88 87 83 0 19 70 41 83 29 86 68 67 72
48 46 93 88 49 69 29 19 0 21 25 92 28 85 66 33 85
8 91 52 84 80 85 39 70 21 0 12 89 55 54 83 61 34
51 20 46 56 21 39 47 41 25 12 0 43 70 82 33 2 85
22 61 48 44 91 32 76 83 92 89 43 0 47 79 49 34 27
25 59 99 71 54 42 55 29 28 55 70 47 0 57 31 80 20
60 78 25 12 80 17 5 86 85 54 82 79 57 0 16 63 69
89 73 45 23 7 79 2 68 66 83 33 49 31 16 0 2 93
53 101 10 11 83 11 68 67 33 61 2 34 80 63 2 0 83
92 91 94 12 24 93 26 72 85 34 85 27 20 69 93 83 0
