0 18 47 20 65 84 99 71 2 67 2 9 18 96 73 6 64
18 0 16 25 79 40 41 98 53 4 10 98 37 74 69 100 58
47 16 0 35 91 60 53 33 5 50 9 38 61 98 101 99 71
20 25 35 0 19 64 98 18 65 38 41 49 77 23 46 17 75
65 79 91 19 0 60 89 92 38 86 48 66 40 23 89 95 16
84 40 60 64 60 0 47 41 39 69 28 29 76 61 90 13 11
99 41 53 98 89 47 0 90 36 64 46 101 80 49 12 101 14
71 98 33 18 92 41 90 0 31 37 88 89 14 54 49 38 48
2 53 5 65 38 39 36 31 0 58 29 45 72 3 16 93 96
67 4 50 38 86 69 64 37 58 0 16 47 70 6 31 16 9
2 10 9 41 48 28 46 88 29 16 0 101 98 53 54 77 29
9 98 38 49 66 29 101 89 45 47 101 0 35 18 10 87 21
18 37 61 77 40 76 80 14 72 70 98 35 0 48 92 18 61
96 74 98 23 23 61 49 54 3 6 53 18 48 0 40 43 26
73 69 101 46 89 90 12 49 16 31 54 10 92 40 0 70 56
6 100 99 17 95 13 101 38 93 16 77 87 18 43 70 0 81
64 58 71 75 16 11 14 48 96 9 29 21 61 26 56 81 0
