0 23 55 86 7 47 78 57 29 9 89 37 1 42 57 21 31
23 0 50 44 2 57 78 23 10 97 43 31 73 69 74 23 5
55 50 0 52 38 46 78 83 49 54 43 62 65 90 44 23 45
86 44 52 0 72 4 85 44 95 55 48 4 44 67 83 99 28
7 2 38 72 0 48 100 43 44 90 22 54 88 94 4 87 70
47 57 46 4 48 0 37 49 74 51 9 70 77 61 70 78 40
78 78 78 85 100 37 0 10 15 10 35 36 67 80 13 76 36
57 23 83 44 43 49 10 0 88 40 40 80 39 71 69 18 64
29 10 49 95 44 74 15 88 0 7 6 3 27 83 100 35 79
9 97 54 55 90 51 10 40 7 0 34 7 43 44 86 100 91
89 43 43 48 22 9 35 40 6 34 0 13 101 47 77 39 14
37 31 62 4 54 70 36 80 3 7 13 0 65 7 13 91 4
1 73 65 44 88 77 67 39 27 43 101 65 0 84 42 97 9
42 69 90 67 94 61 80 71 83 44 47 7 84 0 45 29 23
57 74 44 83 4 70 13 69 100 86 77 13 42 45 0 68 41
21 23 23 99 87 78 76 18 35 100 39 91 97 29 68 0 45
31 5 45 28 70 40 36 64 79 91 14 4 9 23 41 45 0
