0 24 71 93 80 56 42 81 79 30 78 4 99 73 26 90 23
24 0 68 69 62 5 16 5 70 29 84 59 65 59 1 25 46
71 68 0 78 91 18 101 68 87 93 48 84 9 30 86 97 77
93 69 78 0 66 38 90 2 54 12 69 87 61 65 83 8 5
80 62 91 66 0 34 13 9 19 34 17 71 25 1 41 4 38
56 5 18 38 34 0 18 78 54 4 90 79 37 36 21 32 97
42 16 101 90 13 18 0 93 98 30 46 96 21 18 43 36 41
81 5 68 2 9 78 93 0 33 79 65 4 95 90 90 2 10
79 70 87 54 19 54 98 33 0 41 90 70 4 80 2 37 2
30 29 93 12 34 4 30 79 41 0 80 8 99 66 16 58 4
78 84 48 69 17 90 46 65 90 80 0 79 37 21 35 67 47
4 59 84 87 71 79 96 4 70 8 79 0 86 71 9 45 57
99 65 9 61 25 37 21 95 4 99 37 86 0 58 88 29 21
73 59 30 65 1 36 18 90 80 66 21 71 58 0 6 82 41
26 1 86 83 41 21 43 90 2 16 35 9 88 6 0 42 41
90 25 97 8 4 32 36 2 37 58 67 45 29 82 42 0 81
23 46 77 5 38 97 41 10 2 4 47 57 21 41 41 81 0
