0 62 8 64 84 9 46
62 0 61 84 51 31 60
8 61 0 89 1 83 99
64 84 89 0 2 36 47
84 51 1 2 0 67 81
9 31 83 36 67 0 52
46 60 99 47 81 52 0
