0 11 94 10 88 97 41
11 0 53 53 38 76 60
94 53 0 97 4 33 20
10 53 97 0 71 59 97
88 38 4 71 0 77 15
97 76 33 59 77 0 61
41 60 20 97 15 61 0
