0 53 52 83 84 94 52
53 0 19 55 88 94 71
52 19 0 99 40 75 95
83 55 99 0 23 1 9
84 88 40 23 0 83 30
94 94 75 1 83 0 75
52 71 95 9 30 75 0
