0 96 36 28 48 15 43
96 0 11 98 45 11 75
36 11 0 98 12 55 89
28 98 98 0 72 5 73
48 45 12 72 0 86 40
15 11 55 5 86 0 45
43 75 89 73 40 45 0
