0 98 24 90 43 31 70
98 0 49 49 27 83 46
24 49 0 85 3 54 42
90 49 85 0 39 73 80
43 27 3 39 0 74 27
31 83 54 73 74 0 11
70 46 42 80 27 11 0
