0 50 95 28 29 10 50 46 97 75
50 0 41 84 55 53 70 78 84 67
95 41 0 28 89 34 83 63 101 55
28 84 28 0 12 63 79 61 83 6
29 55 89 12 0 41 22 55 32 64
10 53 34 63 41 0 86 97 19 79
50 70 83 79 22 86 0 43 69 40
46 78 63 61 55 97 43 0 34 14
97 84 101 83 32 19 69 34 0 91
75 67 55 6 64 79 40 14 91 0
