0 14 99 52 65 76 62 51 64 10
14 0 11 33 92 64 45 75 72 33
99 11 0 101 93 71 57 21 2 71
52 33 101 0 71 66 55 71 25 18
65 92 93 71 0 12 37 80 34 87
76 64 71 66 12 0 30 58 11 63
62 45 57 55 37 30 0 96 74 51
51 75 21 71 80 58 96 0 37 100
64 72 2 25 34 11 74 37 0 25
10 33 71 18 87 63 51 100 25 0
