0 72 17 30 93 23 76 46 3 19
72 0 14 17 85 72 59 39 58 82
17 14 0 1 96 38 4 62 51 22
30 17 1 0 6 90 24 44 25 49
93 85 96 6 0 49 71 70 9 18
23 72 38 90 49 0 95 20 45 45
76 59 4 24 71 95 0 45 77 76
46 39 62 44 70 20 45 0 67 35
3 58 51 25 9 45 77 67 0 57
19 82 22 49 18 45 76 35 57 0
