0 1 37 62 69 60 98 14 76 63
1 0 60 1 67 62 99 19 100 98
37 60 0 94 27 95 49 97 16 63
62 1 94 0 65 62 43 96 92 43
69 67 27 65 0 67 34 87 20 25
60 62 95 62 67 0 40 50 1 65
98 99 49 43 34 40 0 84 64 51
14 19 97 96 87 50 84 0 99 1
76 100 16 92 20 1 64 99 0 71
63 98 63 43 25 65 51 1 71 0
