0 56 93 40 56 72 4 66
56 0 101 95 2 45 50 99
93 101 0 98 87 51 33 90
40 95 98 0 44 68 31 57
56 2 87 44 0 86 25 5
72 45 51 68 86 0 84 45
4 50 33 31 25 84 0 11
66 99 90 57 5 45 11 0
