0 2 58 83 94 28 51 36
2 0 9 17 55 73 28 1
58 9 0 58 27 10 63 50
83 17 58 0 60 12 42 79
94 55 27 60 0 84 86 5
28 73 10 12 84 0 4 7
51 28 63 42 86 4 0 49
36 1 50 79 5 7 49 0
