0 54 12 61 5 62 58 88
54 0 12 34 51 50 28 47
12 12 0 22 2 46 93 6
61 34 22 0 43 53 19 13
5 51 2 43 0 79 78 21
62 50 46 53 79 0 80 34
58 28 93 19 78 80 0 41
88 47 6 13 21 34 41 0
