0 82 20 70 100 82 50 31
82 0 26 9 15 74 44 60
20 26 0 22 31 93 94 16
70 9 22 0 43 41 33 93
100 15 31 43 0 69 94 92
82 74 93 41 69 0 28 36
50 44 94 33 94 28 0 35
31 60 16 93 92 36 35 0
