0 93 83 2 10 13 26 16 17 23 39
93 0 68 37 11 24 57 77 49 62 60
83 68 0 28 15 93 72 93 41 75 36
2 37 28 0 65 59 101 87 54 45 42
10 11 15 65 0 74 83 46 45 29 39
13 24 93 59 74 0 96 86 42 49 72
26 57 72 101 83 96 0 14 4 71 67
16 77 93 87 46 86 14 0 82 93 91
17 49 41 54 45 42 4 82 0 71 10
23 62 75 45 29 49 71 93 71 0 76
39 60 36 42 39 72 67 91 10 76 0
