0 83 35 18 47 25 37 36 75 63 100
83 0 30 64 12 70 90 2 53 89 37
35 30 0 22 43 52 83 96 78 69 98
18 64 22 0 51 58 45 48 76 20 20
47 12 43 51 0 81 90 94 65 49 60
25 70 52 58 81 0 58 49 96 54 18
37 90 83 45 90 58 0 80 42 68 9
36 2 96 48 94 49 80 0 20 98 48
75 53 78 76 65 96 42 20 0 41 88
63 89 69 20 49 54 68 98 41 0 9
100 37 98 20 60 18 9 48 88 9 0
