0 14 55 71 82 65 40 82 66 97 91
14 0 27 53 14 18 40 58 43 93 86
55 27 0 25 40 26 80 69 13 99 59
71 53 25 0 76 36 8 97 33 29 34
82 14 40 76 0 67 42 64 1 47 55
65 18 26 36 67 0 80 63 10 26 79
40 40 80 8 42 80 0 28 41 61 90
82 58 69 97 64 63 28 0 83 25 23
66 43 13 33 1 10 41 83 0 21 20
97 93 99 29 47 26 61 25 21 0 93
91 86 59 34 55 79 90 23 20 93 0
