0 72 36 9 83 7 33 7 9 31 47
72 0 57 93 12 44 39 66 97 61 34
36 57 0 5 31 95 29 3 75 7 45
9 93 5 0 2 61 10 19 74 26 87
83 12 31 2 0 30 79 46 3 100 43
7 44 95 61 30 0 70 74 17 90 49
33 39 29 10 79 70 0 45 59 101 55
7 66 3 19 46 74 45 0 9 20 57
9 97 75 74 3 17 59 9 0 53 82
31 61 7 26 100 90 101 20 53 0 8
47 34 45 87 43 49 55 57 82 8 0
