0 52 24 43 7 97 27 43 21 37 46 33 66 23 40 83 70 87 16
52 0 46 59 32 58 85 74 31 19 78 6 40 64 54 72 101 70 23
24 46 0 91 34 85 27 23 67 91 90 59 83 41 20 5 74 95 42
43 59 91 0 94 71 6 38 27 42 83 96 15 61 34 44 47 7 75
7 32 34 94 0 75 101 53 23 51 43 12 24 46 16 20 89 90 19
97 58 85 71 75 0 78 62 74 4 73 33 55 60 64 83 95 101 25
27 85 27 6 101 78 0 11 74 57 20 23 49 54 53 62 83 83 15
43 74 23 38 53 62 11 0 41 40 27 95 75 82 77 82 25 7 60
21 31 67 27 23 74 74 41 0 1 61 31 79 46 57 11 4 91 67
37 19 91 42 51 4 57 40 1 0 52 69 25 42 39 54 27 23 27
46 78 90 83 43 73 20 27 61 52 0 11 43 36 26 97 37 81 20
33 6 59 96 12 33 23 95 31 69 11 0 91 49 97 60 13 99 11
66 40 83 15 24 55 49 75 79 25 43 91 0 68 43 41 64 84 60
23 64 41 61 46 60 54 82 46 42 36 49 68 0 43 41 7 41 46
40 54 20 34 16 64 53 77 57 39 26 97 43 43 0 23 57 84 75
83 72 5 44 20 83 62 82 11 54 97 60 41 41 23 0 44 101 79
70 101 74 47 89 95 83 25 4 27 37 13 64 7 57 44 0 23 51
87 70 95 7 90 101 83 7 91 23 81 99 84 41 84 101 23 0 11
16 23 42 75 19 25 15 60 67 27 20 11 60 46 75 79 51 11 0
