0 4 24 65 48 16 52 81 36 83 93 33 16 94 3 43 59 14 71
4 0 73 28 16 40 30 78 33 38 33 14 54 60 75 38 46 11 9
24 73 0 25 20 8 28 31 1 24 4 96 8 31 37 99 88 5 77
65 28 25 0 14 64 18 82 25 33 13 50 47 45 64 97 27 41 44
48 16 20 14 0 43 48 36 23 97 58 8 45 79 2 86 30 27 41
16 40 8 64 43 0 60 29 14 92 46 83 67 46 14 23 5 72 82
52 30 28 18 48 60 0 41 23 31 94 66 75 25 87 85 53 59 96
81 78 31 82 36 29 41 0 18 19 85 80 31 6 5 29 51 35 3
36 33 1 25 23 14 23 18 0 31 41 95 33 13 87 28 18 62 78
83 38 24 33 97 92 31 19 31 0 1 87 29 85 1 36 50 45 27
93 33 4 13 58 46 94 85 41 1 0 6 43 66 44 99 21 91 59
33 14 96 50 8 83 66 80 95 87 6 0 60 97 64 19 19 14 45
16 54 8 47 45 67 75 31 33 29 43 60 0 22 6 2 26 7 20
94 60 31 45 79 46 25 6 13 85 66 97 22 0 84 61 21 42 45
3 75 37 64 2 14 87 5 87 1 44 64 6 84 0 24 57 44 1
43 38 99 97 86 23 85 29 28 36 99 19 2 61 24 0 72 23 8
59 46 88 27 30 5 53 51 18 50 21 19 26 21 57 72 0 27 20
14 11 5 41 27 72 59 35 62 45 91 14 7 42 44 23 27 0 77
71 9 77 44 41 82 96 3 78 27 59 45 20 45 1 8 20 77 0
