0 90 43 73 100 25 75 94 22 73 40 42 23 53 17 28 97 68 82
90 0 90 25 71 63 66 89 60 10 21 53 38 20 7 83 75 12 54
43 90 0 34 20 88 58 8 26 10 94 52 33 47 28 81 84 9 51
73 25 34 0 86 18 95 19 14 36 85 6 2 25 85 24 34 25 61
100 71 20 86 0 13 76 5 71 43 91 91 76 78 37 18 88 94 19
25 63 88 18 13 0 21 4 96 81 66 98 58 3 76 92 44 2 8
75 66 58 95 76 21 0 23 40 54 28 100 31 24 79 2 50 71 40
94 89 8 19 5 4 23 0 64 23 18 85 46 20 61 65 98 1 73
22 60 26 14 71 96 40 64 0 24 68 89 17 49 24 37 93 71 86
73 10 10 36 43 81 54 23 24 0 16 41 15 89 16 78 35 11 73
40 21 94 85 91 66 28 18 68 16 0 91 12 93 49 35 43 52 94
42 53 52 6 91 98 100 85 89 41 91 0 85 67 78 78 22 29 43
23 38 33 2 76 58 31 46 17 15 12 85 0 5 22 74 52 57 41
53 20 47 25 78 3 24 20 49 89 93 67 5 0 17 51 13 24 2
17 7 28 85 37 76 79 61 24 16 49 78 22 17 0 79 51 24 9
28 83 81 24 18 92 2 65 37 78 35 78 74 51 79 0 95 87 32
97 75 84 34 88 44 50 98 93 35 43 22 52 13 51 95 0 23 76
68 12 9 25 94 2 71 1 71 11 52 29 57 24 24 87 23 0 72
82 54 51 61 19 8 40 73 86 73 94 43 41 2 9 32 76 72 0
