0 44 6 37 58 56 24 90 85 11 88 49 1 29 35 32 98 11 40
44 0 32 93 70 43 93 31 47 44 97 100 97 80 36 68 97 78 38
6 32 0 77 61 14 80 82 93 32 40 79 58 90 20 31 18 2 50
37 93 77 0 67 25 86 51 77 30 36 4 8 99 83 19 70 33 24
58 70 61 67 0 97 35 91 10 26 101 34 79 72 91 81 15 14 59
56 43 14 25 97 0 39 88 33 28 21 75 79 8 80 12 100 57 3
24 93 80 86 35 39 0 31 97 88 35 42 46 9 44 66 18 84 94
90 31 82 51 91 88 31 0 88 49 39 25 56 70 39 40 66 96 3
85 47 93 77 10 33 97 88 0 48 68 5 72 30 47 36 81 101 77
11 44 32 30 26 28 88 49 48 0 99 48 12 22 47 96 25 73 34
88 97 40 36 101 21 35 39 68 99 0 80 17 67 67 56 48 30 84
49 100 79 4 34 75 42 25 5 48 80 0 20 12 53 57 3 28 30
1 97 58 8 79 79 46 56 72 12 17 20 0 97 93 7 10 67 70
29 80 90 99 72 8 9 70 30 22 67 12 97 0 47 19 99 42 41
35 36 20 83 91 80 44 39 47 47 67 53 93 47 0 20 65 13 90
32 68 31 19 81 12 66 40 36 96 56 57 7 19 20 0 31 53 11
98 97 18 70 15 100 18 66 81 25 48 3 10 99 65 31 0 88 31
11 78 2 33 14 57 84 96 101 73 30 28 67 42 13 53 88 0 54
40 38 50 24 59 3 94 3 77 34 84 30 70 41 90 11 31 54 0
