0 59 61 36 45 15 95 25 59 8 21 28
59 0 40 56 84 51 55 63 68 24 89 16
61 40 0 100 13 97 66 36 69 49 88 18
36 56 100 0 12 25 52 47 66 12 73 35
45 84 13 12 0 67 74 18 25 14 81 78
15 51 97 25 67 0 67 42 56 44 37 49
95 55 66 52 74 67 0 2 79 17 28 16
25 63 36 47 18 42 2 0 45 1 64 4
59 68 69 66 25 56 79 45 0 65 19 20
8 24 49 12 14 44 17 1 65 0 26 41
21 89 88 73 81 37 28 64 19 26 0 28
28 16 18 35 78 49 16 4 20 41 28 0
