0 95 17 51 3 36 95 15 60 79 22 32
95 0 28 71 87 91 69 47 71 83 70 92
17 28 0 97 66 5 50 42 60 89 25 53
51 71 97 0 4 22 77 18 25 88 9 3
3 87 66 4 0 72 56 35 70 10 73 90
36 91 5 22 72 0 79 13 33 67 66 17
95 69 50 77 56 79 0 101 85 45 54 93
15 47 42 18 35 13 101 0 43 53 41 5
60 71 60 25 70 33 85 43 0 71 62 50
79 83 89 88 10 67 45 53 71 0 50 64
22 70 25 9 73 66 54 41 62 50 0 31
32 92 53 3 90 17 93 5 50 64 31 0
