0 20 14 63 95 35 101 22 92 78 96 12
20 0 52 77 33 67 3 9 3 94 64 100
14 52 0 62 78 85 53 22 88 86 49 68
63 77 62 0 38 41 39 70 54 72 46 26
95 33 78 38 0 85 2 59 48 2 13 93
35 67 85 41 85 0 57 16 51 57 98 54
101 3 53 39 2 57 0 16 1 95 72 61
22 9 22 70 59 16 16 0 61 35 52 36
92 3 88 54 48 51 1 61 0 2 59 31
78 94 86 72 2 57 95 35 2 0 80 100
96 64 49 46 13 98 72 52 59 80 0 69
12 100 68 26 93 54 61 36 31 100 69 0
