0 12 46 13 84 43 29 73 17 48 86 65
12 0 63 55 93 31 10 87 93 96 11 27
46 63 0 39 76 1 17 87 90 69 52 27
13 55 39 0 90 96 99 7 83 68 28 23
84 93 76 90 0 18 34 37 79 35 35 63
43 31 1 96 18 0 30 35 94 58 92 90
29 10 17 99 34 30 0 101 6 8 43 23
73 87 87 7 37 35 101 0 28 84 24 11
17 93 90 83 79 94 6 28 0 44 32 76
48 96 69 68 35 58 8 84 44 0 10 10
86 11 52 28 35 92 43 24 32 10 0 7
65 27 27 23 63 90 23 11 76 10 7 0
