0 84 56 36 54 64 1 51 53 37 69 86
84 0 48 64 73 61 58 31 54 97 72 76
56 48 0 69 84 74 5 73 94 24 34 67
36 64 69 0 20 63 100 22 35 4 54 95
54 73 84 20 0 50 85 62 38 45 8 60
64 61 74 63 50 0 76 60 4 32 60 70
1 58 5 100 85 76 0 7 41 8 12 11
51 31 73 22 62 60 7 0 71 39 49 25
53 54 94 35 38 4 41 71 0 5 46 21
37 97 24 4 45 32 8 39 5 0 56 46
69 72 34 54 8 60 12 49 46 56 0 96
86 76 67 95 60 70 11 25 21 46 96 0
