0 66 1 47 87 57 23 36 18
66 0 11 9 42 26 24 76 56
1 11 0 35 60 68 92 4 51
47 9 35 0 64 43 98 84 59
87 42 60 64 0 92 12 40 41
57 26 68 43 92 0 12 90 83
23 24 92 98 12 12 0 15 80
36 76 4 84 40 90 15 0 57
18 56 51 59 41 83 80 57 0
