0 101 62 59 32 36 38 33 12
101 0 89 45 97 68 36 62 76
62 89 0 67 30 67 50 71 19
59 45 67 0 29 23 32 15 72
32 97 30 29 0 82 12 6 2
36 68 67 23 82 0 90 76 93
38 36 50 32 12 90 0 87 35
33 62 71 15 6 76 87 0 8
12 76 19 72 2 93 35 8 0
