0 77 67 9 64 10 81 32 89
77 0 81 56 62 21 7 20 16
67 81 0 94 34 10 16 37 39
9 56 94 0 93 77 75 59 10
64 62 34 93 0 86 43 88 101
10 21 10 77 86 0 36 42 19
81 7 16 75 43 36 0 30 95
32 20 37 59 88 42 30 0 75
89 16 39 10 101 19 95 75 0
