0 36 65 39 74 100 27 40 51
36 0 31 4 83 48 73 99 80
65 31 0 10 81 23 30 51 77
39 4 10 0 96 10 65 90 26
74 83 81 96 0 86 73 53 16
100 48 23 10 86 0 40 11 66
27 73 30 65 73 40 0 56 59
40 99 51 90 53 11 56 0 1
51 80 77 26 16 66 59 1 0
