0 42 51 56 76 94 28 72 40 66 9 77 96 76 65 79 39 91 76 91 81 38 90 77 81
42 0 81 78 74 37 58 97 2 65 56 46 79 13 87 92 41 23 8 69 37 90 26 79 10
51 81 0 37 32 51 7 21 56 84 40 13 62 95 9 77 46 80 26 72 85 24 18 57 7
56 78 37 0 57 87 82 88 73 31 62 59 47 52 8 18 31 39 90 60 93 26 66 12 2
76 74 32 57 0 12 44 85 44 78 96 31 21 58 23 1 64 45 55 38 98 59 77 4 27
94 37 51 87 12 0 82 64 33 25 6 78 88 25 70 44 57 88 27 99 76 33 61 25 84
28 58 7 82 44 82 0 3 83 25 10 99 25 4 39 96 77 61 99 88 5 13 11 76 100
72 97 21 88 85 64 3 0 21 40 47 32 24 21 27 39 48 68 97 42 66 37 40 10 26
40 2 56 73 44 33 83 21 0 19 43 69 78 59 53 50 5 97 38 100 88 2 77 88 50
66 65 84 31 78 25 25 40 19 0 11 41 45 88 24 16 23 49 96 64 50 12 45 37 87
9 56 40 62 96 6 10 47 43 11 0 14 63 80 33 92 39 16 60 9 21 67 87 17 75
77 46 13 59 31 78 99 32 69 41 14 0 45 63 55 47 56 62 31 88 83 58 84 15 63
96 79 62 47 21 88 25 24 78 45 63 45 0 51 5 22 23 64 90 55 100 41 28 70 5
76 13 95 52 58 25 4 21 59 88 80 63 51 0 56 82 92 21 95 49 3 76 55 51 90
65 87 9 8 23 70 39 27 53 24 33 55 5 56 0 43 72 89 38 5 47 61 61 94 31
79 92 77 18 1 44 96 39 50 16 92 47 22 82 43 0 82 61 31 83 42 49 58 50 92
39 41 46 31 64 57 77 48 5 23 39 56 23 92 72 82 0 11 54 92 34 16 90 79 40
91 23 80 39 45 88 61 68 97 49 16 62 64 21 89 61 11 0 68 7 16 85 98 36 51
76 8 26 90 55 27 99 97 38 96 60 31 90 95 38 31 54 68 0 27 35 82 90 34 22
91 69 72 60 38 99 88 42 100 64 9 88 55 49 5 83 92 7 27 0 92 25 28 99 9
81 37 85 93 98 76 5 66 88 50 21 83 100 3 47 42 34 16 35 92 0 71 20 73 99
38 90 24 26 59 33 13 37 2 12 67 58 41 76 61 49 16 85 82 25 71 0 32 28 75
90 26 18 66 77 61 11 40 77 45 87 84 28 55 61 58 90 98 90 28 20 32 0 86 44
77 79 57 12 4 25 76 10 88 37 17 15 70 51 94 50 79 36 34 99 73 28 86 0 96
81 10 7 2 27 84 100 26 50 87 75 63 5 90 31 92 40 51 22 9 99 75 44 96 0
