0 86 26 58 27 94 92 70 2 95 20 44 7 31 40 10 6 37 92 22 16 58 55 99 15
86 0 21 41 8 32 93 39 53 24 49 11 33 72 27 24 48 17 19 2 59 50 52 88 2
26 21 0 3 8 16 89 16 25 42 48 4 46 42 49 35 73 43 36 72 45 60 52 91 92
58 41 3 0 58 31 36 29 43 5 87 75 6 80 80 93 70 48 6 89 11 15 44 78 45
27 8 8 58 0 29 52 101 47 93 61 56 96 25 17 94 53 4 29 18 28 12 34 51 96
94 32 16 31 29 0 97 21 49 9 95 58 6 30 3 25 41 86 27 89 53 78 80 22 68
92 93 89 36 52 97 0 44 65 80 46 76 100 39 5 69 49 64 80 24 3 1 50 73 21
70 39 16 29 101 21 44 0 46 87 45 68 51 84 22 59 44 95 20 51 53 12 79 81 35
2 53 25 43 47 49 65 46 0 45 90 74 47 94 42 67 100 4 14 51 77 59 13 39 4
95 24 42 5 93 9 80 87 45 0 13 29 44 12 67 87 31 9 94 55 74 8 90 26 33
20 49 48 87 61 95 46 45 90 13 0 64 93 34 94 82 38 57 29 89 18 66 94 19 85
44 11 4 75 56 58 76 68 74 29 64 0 85 90 46 20 51 16 1 54 84 51 45 26 85
7 33 46 6 96 6 100 51 47 44 93 85 0 7 3 33 43 96 76 55 11 77 54 37 34
31 72 42 80 25 30 39 84 94 12 34 90 7 0 88 5 59 26 20 67 4 77 50 64 44
40 27 49 80 17 3 5 22 42 67 94 46 3 88 0 11 82 100 16 74 94 33 1 41 76
10 24 35 93 94 25 69 59 67 87 82 20 33 5 11 0 64 41 25 100 65 27 40 12 68
6 48 73 70 53 41 49 44 100 31 38 51 43 59 82 64 0 66 87 52 97 69 24 63 69
37 17 43 48 4 86 64 95 4 9 57 16 96 26 100 41 66 0 68 45 97 12 30 11 31
92 19 36 6 29 27 80 20 14 94 29 1 76 20 16 25 87 68 0 10 80 98 28 30 74
22 2 72 89 18 89 24 51 51 55 89 54 55 67 74 100 52 45 10 0 17 71 25 23 19
16 59 45 11 28 53 3 53 77 74 18 84 11 4 94 65 97 97 80 17 0 88 101 12 69
58 50 60 15 12 78 1 12 59 8 66 51 77 77 33 27 69 12 98 71 88 0 44 5 88
55 52 52 44 34 80 50 79 13 90 94 45 54 50 1 40 24 30 28 25 101 44 0 6 25
99 88 91 78 51 22 73 81 39 26 19 26 37 64 41 12 63 11 30 23 12 5 6 0 27
15 2 92 45 96 68 21 35 4 33 85 85 34 44 76 68 69 31 74 19 69 88 25 27 0
