0 50 41 87 50 55 66 4 40 81 94 30 50 85 55 4 24 33 67 68 90 54 25 78 100
50 0 60 70 41 11 49 77 44 31 56 70 57 46 86 14 22 86 8 55 71 80 98 96 7
41 60 0 49 72 18 57 89 72 24 77 34 29 54 71 24 75 44 97 89 72 11 55 44 59
87 70 49 0 97 35 51 70 34 34 36 89 82 99 69 5 57 38 35 77 37 100 58 54 42
50 41 72 97 0 37 91 77 25 90 82 49 45 63 50 73 77 96 71 6 29 39 60 66 22
55 11 18 35 37 0 25 62 46 31 31 86 52 99 78 21 1 22 42 27 71 92 30 70 101
66 49 57 51 91 25 0 76 101 88 26 81 7 94 6 67 45 44 7 101 46 93 85 47 57
4 77 89 70 77 62 76 0 67 72 14 62 85 31 18 3 66 72 73 26 94 31 69 54 12
40 44 72 34 25 46 101 67 0 87 96 36 36 66 65 67 34 50 56 61 12 12 35 83 30
81 31 24 34 90 31 88 72 87 0 29 82 70 23 47 29 21 85 39 49 4 100 73 99 47
94 56 77 36 82 31 26 14 96 29 0 57 35 26 11 48 86 24 92 36 31 100 50 27 46
30 70 34 89 49 86 81 62 36 82 57 0 58 14 63 9 80 90 65 80 98 13 72 56 32
50 57 29 82 45 52 7 85 36 70 35 58 0 17 61 81 64 52 4 14 25 53 31 39 63
85 46 54 99 63 99 94 31 66 23 26 14 17 0 88 42 94 84 33 3 79 58 18 69 70
55 86 71 69 50 78 6 18 65 47 11 63 61 88 0 25 31 38 26 61 48 69 59 7 71
4 14 24 5 73 21 67 3 67 29 48 9 81 42 25 0 91 95 26 61 94 90 75 9 88
24 22 75 57 77 1 45 66 34 21 86 80 64 94 31 91 0 73 3 71 8 77 67 8 46
33 86 44 38 96 22 44 72 50 85 24 90 52 84 38 95 73 0 43 79 7 6 2 50 95
67 8 97 35 71 42 7 73 56 39 92 65 4 33 26 26 3 43 0 35 49 65 38 78 15
68 55 89 77 6 27 101 26 61 49 36 80 14 3 61 61 71 79 35 0 70 28 36 91 73
90 71 72 37 29 71 46 94 12 4 31 98 25 79 48 94 8 7 49 70 0 89 17 39 14
54 80 11 100 39 92 93 31 12 100 100 13 53 58 69 90 77 6 65 28 89 0 58 36 86
25 98 55 58 60 30 85 69 35 73 50 72 31 18 59 75 67 2 38 36 17 58 0 38 59
78 96 44 54 66 70 47 54 83 99 27 56 39 69 7 9 8 50 78 91 39 36 38 0 91
100 7 59 42 22 101 57 12 30 47 46 32 63 70 71 88 46 95 15 73 14 86 59 91 0
