0 55 33 64 65 58 87 95 98 71 78 4 30 65 77 72 30 15 9 53 14 31 47 71 39
55 0 34 11 101 5 86 86 48 33 67 61 99 94 72 16 5 21 98 19 28 18 77 58 42
33 34 0 24 73 76 32 66 80 3 12 45 45 78 93 68 87 87 90 72 23 74 56 88 38
64 11 24 0 98 66 57 101 45 26 69 80 94 15 31 37 32 5 56 28 17 99 6 49 99
65 101 73 98 0 35 98 35 63 66 47 5 28 6 98 17 62 84 24 20 87 85 7 71 22
58 5 76 66 35 0 91 14 93 46 12 51 35 63 83 95 60 38 51 62 99 2 80 26 64
87 86 32 57 98 91 0 41 25 69 10 82 78 98 38 101 50 31 58 25 36 70 95 27 41
95 86 66 101 35 14 41 0 91 65 46 88 94 85 23 15 5 59 27 87 13 52 7 18 75
98 48 80 45 63 93 25 91 0 53 62 65 97 31 70 61 65 42 35 51 41 40 51 76 99
71 33 3 26 66 46 69 65 53 0 68 9 39 14 52 70 100 82 28 42 6 68 96 36 77
78 67 12 69 47 12 10 46 62 68 0 91 2 34 29 47 57 6 99 15 46 55 99 62 53
4 61 45 80 5 51 82 88 65 9 91 0 53 80 17 66 18 49 94 75 35 15 69 75 16
30 99 45 94 28 35 78 94 97 39 2 53 0 100 50 2 25 29 56 11 3 62 83 49 54
65 94 78 15 6 63 98 85 31 14 34 80 100 0 15 82 14 5 10 86 16 31 85 36 36
77 72 93 31 98 83 38 23 70 52 29 17 50 15 0 90 51 11 91 18 86 98 34 21 56
72 16 68 37 17 95 101 15 61 70 47 66 2 82 90 0 79 26 97 43 44 80 64 77 89
30 5 87 32 62 60 50 5 65 100 57 18 25 14 51 79 0 90 1 23 99 6 19 2 46
15 21 87 5 84 38 31 59 42 82 6 49 29 5 11 26 90 0 43 92 27 78 11 5 79
9 98 90 56 24 51 58 27 35 28 99 94 56 10 91 97 1 43 0 70 26 11 54 24 59
53 19 72 28 20 62 25 87 51 42 15 75 11 86 18 43 23 92 70 0 59 17 68 21 23
14 28 23 17 87 99 36 13 41 6 46 35 3 16 86 44 99 27 26 59 0 17 53 61 68
31 18 74 99 85 2 70 52 40 68 55 15 62 31 98 80 6 78 11 17 17 0 11 66 40
47 77 56 6 7 80 95 7 51 96 99 69 83 85 34 64 19 11 54 68 53 11 0 51 12
71 58 88 49 71 26 27 18 76 36 62 75 49 36 21 77 2 5 24 21 61 66 51 0 62
39 42 38 99 22 64 41 75 99 77 53 16 54 36 56 89 46 79 59 23 68 40 12 62 0
