0 37 61 36 89 62 75 8 88 12 51 38 41 74 42
37 0 93 17 57 77 81 33 4 22 88 11 30 7 88
61 93 0 43 26 20 25 61 86 83 56 98 36 9 21
36 17 43 0 58 68 47 1 76 65 73 29 47 80 90
89 57 26 58 0 69 11 29 53 28 37 32 57 91 65
62 77 20 68 69 0 72 51 70 24 97 36 78 78 48
75 81 25 47 11 72 0 21 87 59 2 97 66 43 10
8 33 61 1 29 51 21 0 96 38 10 29 43 4 92
88 4 86 76 53 70 87 96 0 71 40 73 42 36 33
12 22 83 65 28 24 59 38 71 0 101 27 62 82 71
51 88 56 73 37 97 2 10 40 101 0 73 57 62 4
38 11 98 29 32 36 97 29 73 27 73 0 100 87 79
41 30 36 47 57 78 66 43 42 62 57 100 0 11 40
74 7 9 80 91 78 43 4 36 82 62 87 11 0 4
42 88 21 90 65 48 10 92 33 71 4 79 40 4 0
