0 48 16 83 61 57 83 51 96 64 68 96 40 81 55
48 0 99 96 42 37 69 92 19 72 90 51 92 43 82
16 99 0 54 14 89 39 72 68 49 61 78 23 56 99
83 96 54 0 52 3 95 100 87 5 69 53 50 26 87
61 42 14 52 0 82 55 25 35 42 16 63 100 88 96
57 37 89 3 82 0 24 47 46 74 14 33 45 6 8
83 69 39 95 55 24 0 46 64 72 3 45 55 1 20
51 92 72 100 25 47 46 0 94 65 24 61 73 9 6
96 19 68 87 35 46 64 94 0 91 31 60 77 62 48
64 72 49 5 42 74 72 65 91 0 11 27 8 34 60
68 90 61 69 16 14 3 24 31 11 0 93 7 13 11
96 51 78 53 63 33 45 61 60 27 93 0 92 66 84
40 92 23 50 100 45 55 73 77 8 7 92 0 24 22
81 43 56 26 88 6 1 9 62 34 13 66 24 0 47
55 82 99 87 96 8 20 6 48 60 11 84 22 47 0
