0 42 4 48 7 51 46 44 99 24 27 25 48 90 28
42 0 5 75 63 66 96 100 72 15 57 51 58 30 56
4 5 0 42 81 16 87 7 14 22 75 81 14 77 30
48 75 42 0 45 87 99 46 10 21 91 71 85 61 26
7 63 81 45 0 90 67 20 2 86 63 41 90 21 42
51 66 16 87 90 0 87 65 92 90 100 78 56 76 44
46 96 87 99 67 87 0 48 26 86 10 80 20 5 40
44 100 7 46 20 65 48 0 9 69 40 59 44 7 97
99 72 14 10 2 92 26 9 0 20 60 86 39 97 83
24 15 22 21 86 90 86 69 20 0 59 89 18 5 93
27 57 75 91 63 100 10 40 60 59 0 98 87 9 5
25 51 81 71 41 78 80 59 86 89 98 0 97 67 10
48 58 14 85 90 56 20 44 39 18 87 97 0 25 50
90 30 77 61 21 76 5 7 97 5 9 67 25 0 82
28 56 30 26 42 44 40 97 83 93 5 10 50 82 0
