0 69 29 57 87 13 64 43 7 31 3 14 56 4 23
69 0 24 49 34 54 100 11 69 31 28 15 90 57 69
29 24 0 96 60 20 36 21 71 58 66 27 7 18 10
57 49 96 0 58 77 78 54 63 98 5 93 61 45 46
87 34 60 58 0 60 74 47 46 15 66 30 45 1 26
13 54 20 77 60 0 87 34 56 33 41 16 45 73 27
64 100 36 78 74 87 0 92 62 14 38 6 25 100 26
43 11 21 54 47 34 92 0 61 60 3 7 58 23 34
7 69 71 63 46 56 62 61 0 76 91 20 86 65 39
31 31 58 98 15 33 14 60 76 0 65 63 39 34 32
3 28 66 5 66 41 38 3 91 65 0 32 83 37 52
14 15 27 93 30 16 6 7 20 63 32 0 67 32 45
56 90 7 61 45 45 25 58 86 39 83 67 0 84 83
4 57 18 45 1 73 100 23 65 34 37 32 84 0 18
23 69 10 46 26 27 26 34 39 32 52 45 83 18 0
